Interval=	0.0025 s
ExcelDateTime=	4.4991637778096825e+004	3/6/2023 15:18:24.027566
TimeFormat=	StartOfBlock
DateFormat=	
ChannelTitle=	Channel 1
Range=	200.0 µV
0	-7.5
0.0025	1.9
0.005	11.2
0.0075	10.6
0.01	4.9
0.0125	-7.2
0.015	-11.7
0.0175	-12.2
0.02	-0.6
0.0225	-0.9
0.025	-10.2
0.0275	-18.9
0.03	-30.2
0.0325	-25.9
0.035	-16.2
0.0375	-4.5
0.04	-0.1
0.0425	-9.9
0.045	-31.0
0.0475	-44.7
0.05	-43.9
0.0525	-36.9
0.055	-30.1
0.0575	-30.6
0.06	-39.9
0.0625	-54.6
0.065	-63.1
0.0675	-61.5
0.07	-44.6
0.0725	-25.7
0.075	-16.9
0.0775	-8.2
0.08	-18.0
0.0825	-23.0
0.085	-10.0
0.0875	4.7
0.09	18.3
0.0925	-0.2
0.095	-29.2
0.0975	-31.3
0.1	-23.1
0.1025	-18.1
0.105	-7.5
0.1075	3.3
0.11	-2.6
0.1125	-12.7
0.115	-19.3
0.1175	-25.4
0.12	-19.6
0.1225	-12.9
0.125	-17.3
0.1275	-38.1
0.13	-58.1
0.1325	-66.5
0.135	-61.9
0.1375	-42.4
0.14	-34.7
0.1425	-31.5
0.145	-48.0
0.1475	-58.4
0.15	-40.1
0.1525	-32.7
0.155	-19.2
0.1575	-8.3
0.16	-6.1
0.1625	-9.0
0.165	-17.5
0.1675	-21.7
0.17	-18.5
0.1725	-3.9
0.175	-2.0
0.1775	-14.6
0.18	-28.5
0.1825	-33.6
0.185	-23.1
0.1875	-13.5
0.19	-6.5
0.1925	-11.1
0.195	-24.6
0.1975	-29.2
0.2	-29.7
0.2025	-27.1
0.205	-20.6
0.2075	-16.3
0.21	-17.4
0.2125	-30.0
0.215	-39.6
0.2175	-36.2
0.22	-29.7
0.2225	-16.3
0.225	-21.8
0.2275	-29.3
0.23	-28.8
0.2325	-35.7
0.235	-37.9
0.2375	-23.5
0.24	-2.0
0.2425	-6.2
0.245	-16.8
0.2475	-18.3
0.25	-11.9
0.2525	-2.5
0.255	3.3
0.2575	4.3
0.26	2.0
0.2625	-4.2
0.265	-8.5
0.2675	-1.7
0.27	-2.4
0.2725	3.7
0.275	2.1
0.2775	-14.3
0.28	-13.4
0.2825	-19.6
0.285	-27.6
0.2875	-14.5
0.29	-8.7
0.2925	-16.3
0.295	-19.6
0.2975	-24.1
0.3	-34.1
0.3025	-20.7
0.305	-8.7
0.3075	-13.4
0.31	-13.5
0.3125	-21.9
0.315	-32.6
0.3175	-27.7
0.32	-16.9
0.3225	-10.3
0.325	-7.0
0.3275	-10.6
0.33	-17.2
0.3325	-22.5
0.335	-24.8
0.3375	-26.2
0.34	-21.2
0.3425	-13.7
0.345	-10.1
0.3475	-14.4
0.35	-17.0
0.3525	-1.9
0.355	8.1
0.3575	8.3
0.36	18.2
0.3625	20.8
0.365	15.4
0.3675	8.4
0.37	7.2
0.3725	15.7
0.375	15.2
0.3775	13.8
0.38	10.4
0.3825	-0.2
0.385	-8.5
0.3875	-9.9
0.39	-9.8
0.3925	-19.1
0.395	-26.0
0.3975	-25.1
0.4	-22.3
0.4025	-22.7
0.405	-14.0
0.4075	-7.2
0.41	-12.3
0.4125	-14.2
0.415	-26.6
0.4175	-23.4
0.42	-7.1
0.4225	-1.8
0.425	6.7
0.4275	10.3
0.43	5.4
0.4325	-12.2
0.435	-10.8
0.4375	3.1
0.44	4.7
0.4425	11.5
0.445	-8.7
0.4475	-32.5
0.45	-21.0
0.4525	-4.6
0.455	-9.2
0.4575	-10.1
0.46	0.1
0.4625	-12.9
0.465	-22.8
0.4675	-10.4
0.47	3.6
0.4725	0.8
0.475	-6.1
0.4775	-10.3
0.48	-20.8
0.4825	-22.0
0.485	-21.8
0.4875	-25.7
0.49	-23.1
0.4925	-27.8
0.495	-44.6
0.4975	-49.1
0.5	-42.6
0.5025	-36.7
0.505	-36.7
0.5075	-32.7
0.51	-25.7
0.5125	-32.9
0.515	-28.7
0.5175	-17.1
0.52	-8.6
0.5225	5.3
0.525	14.5
0.5275	11.2
0.53	3.7
0.5325	13.3
0.535	15.5
0.5375	10.5
0.54	22.0
0.5425	21.2
0.545	19.0
0.5475	22.1
0.55	11.0
0.5525	5.0
0.555	4.8
0.5575	7.4
0.56	-3.4
0.5625	-8.4
0.565	-0.3
0.5675	-5.8
0.57	-11.6
0.5725	-11.0
0.575	-7.3
0.5775	-10.7
0.58	-22.2
0.5825	-26.9
0.585	-30.0
0.5875	-27.8
0.59	-20.5
0.5925	-23.3
0.595	-21.1
0.5975	-19.3
0.6	-25.4
0.6025	-26.2
0.605	-11.0
0.6075	3.5
0.61	6.0
0.6125	5.9
0.615	6.0
0.6175	14.3
0.62	27.0
0.6225	40.5
0.625	44.3
0.6275	39.3
0.63	22.9
0.6325	13.5
0.635	19.6
0.6375	19.2
0.64	18.1
0.6425	11.5
0.645	-3.5
0.6475	-14.2
0.65	-20.4
0.6525	-14.4
0.655	-7.3
0.6575	-10.3
0.66	-15.9
0.6625	-22.5
0.665	-25.9
0.6675	-29.0
0.67	-22.4
0.6725	-21.3
0.675	-25.7
0.6775	-29.1
0.68	-46.4
0.6825	-53.6
0.685	-46.5
0.6875	-38.0
0.69	-26.7
0.6925	-18.6
0.695	-15.3
0.6975	-14.8
0.7	-7.8
0.7025	6.4
0.705	21.0
0.7075	34.1
0.71	37.9
0.7125	32.9
0.715	36.9
0.7175	59.2
0.72	60.5
0.7225	47.1
0.725	46.9
0.7275	41.3
0.73	31.7
0.7325	23.8
0.735	19.0
0.7375	15.1
0.74	8.9
0.7425	0.4
0.745	-6.4
0.7475	-10.9
0.75	-21.1
0.7525	-26.0
0.755	-26.6
0.7575	-24.2
0.76	-19.3
0.7625	-30.2
0.765	-44.1
0.7675	-50.1
0.77	-44.8
0.7725	-32.7
0.775	-27.2
0.7775	-28.3
0.78	-32.6
0.7825	-23.0
0.785	-4.9
0.7875	8.5
0.79	17.7
0.7925	16.8
0.795	17.5
0.7975	20.2
0.8	23.1
0.8025	28.2
0.805	36.9
0.8075	38.8
0.81	36.7
0.8125	34.8
0.815	25.9
0.8175	17.5
0.82	14.2
0.8225	13.1
0.825	5.1
0.8275	-4.1
0.83	-1.3
0.8325	-2.3
0.835	-13.5
0.8375	-13.3
0.84	-11.3
0.8425	-21.2
0.845	-27.6
0.8475	-31.5
0.85	-36.2
0.8525	-31.8
0.855	-22.4
0.8575	-16.5
0.86	-16.5
0.8625	-19.1
0.865	-18.8
0.8675	-2.5
0.87	20.4
0.8725	30.6
0.875	31.3
0.8775	34.0
0.88	31.3
0.8825	28.5
0.885	34.0
0.8875	38.5
0.89	38.2
0.8925	36.2
0.895	26.2
0.8975	22.1
0.9	23.7
0.9025	18.9
0.905	18.9
0.9075	13.3
0.91	-1.3
0.9125	-19.5
0.915	-25.9
0.9175	-16.3
0.92	-13.1
0.9225	-12.7
0.925	-16.6
0.9275	-25.2
0.93	-26.7
0.9325	-30.8
0.935	-33.0
0.9375	-37.8
0.94	-33.9
0.9425	-34.7
0.945	-42.1
0.9475	-46.3
0.95	-45.7
0.9525	-28.6
0.955	-20.4
0.9575	-11.0
0.96	2.3
0.9625	-1.5
0.965	-1.4
0.9675	9.6
0.97	18.3
0.9725	26.4
0.975	22.1
0.9775	17.7
0.98	18.3
0.9825	16.2
0.985	16.2
0.9875	18.2
0.99	25.0
0.9925	18.4
0.995	6.7
0.9975	2.5
1	-0.5
1.0025	1.2
1.005	-1.3
1.0075	-9.9
1.01	-13.7
1.0125	-27.4
1.015	-41.3
1.0175	-38.5
1.02	-34.6
1.0225	-28.9
1.025	-32.0
1.0275	-33.7
1.03	-36.7
1.0325	-48.0
1.035	-45.5
1.0375	-33.2
1.04	-23.6
1.0425	-22.2
1.045	-20.8
1.0475	-22.0
1.05	-13.4
1.0525	-0.5
1.055	14.7
1.0575	24.1
1.06	22.0
1.0625	18.0
1.065	16.4
1.0675	17.0
1.07	16.9
1.0725	16.0
1.075	18.6
1.0775	17.7
1.08	-0.3
1.0825	-12.1
1.085	-9.9
1.0875	-5.4
1.09	-8.4
1.0925	-17.0
1.095	-22.7
1.0975	-27.7
1.1	-32.3
1.1025	-26.3
1.105	-17.5
1.1075	-16.7
1.11	-18.1
1.1125	-30.4
1.115	-33.1
1.1175	-26.3
1.12	-24.7
1.1225	-19.1
1.125	-22.7
1.1275	-22.2
1.13	-24.1
1.1325	-32.1
1.135	-24.2
1.1375	-16.1
1.14	-12.1
1.1425	-9.9
1.145	-14.8
1.1475	-16.6
1.15	-16.8
1.1525	-12.0
1.155	6.9
1.1575	18.7
1.16	7.9
1.1625	4.3
1.165	6.8
1.1675	7.8
1.17	16.6
1.1725	12.0
1.175	4.4
1.1775	5.7
1.18	0.6
1.1825	-5.3
1.185	-11.0
1.1875	-0.2
1.19	9.6
1.1925	6.2
1.195	10.8
1.1975	-5.1
1.2	-23.7
1.2025	-20.3
1.205	-20.4
1.2075	-18.7
1.21	-19.5
1.2125	-33.2
1.215	-36.4
1.2175	-30.8
1.22	-27.7
1.2225	-30.6
1.225	-27.6
1.2275	-15.9
1.23	-23.1
1.2325	-29.5
1.235	-21.8
1.2375	-2.6
1.24	11.0
1.2425	15.3
1.245	18.9
1.2475	8.9
1.25	9.1
1.2525	13.9
1.255	15.7
1.2575	14.7
1.26	8.0
1.2625	5.7
1.265	4.7
1.2675	11.0
1.27	14.3
1.2725	14.9
1.275	7.4
1.2775	-5.9
1.28	-4.7
1.2825	5.1
1.285	-1.3
1.2875	-2.5
1.29	-0.5
1.2925	-12.5
1.295	-9.2
1.2975	-8.9
1.3	6.2
1.3025	14.1
1.305	-8.7
1.3075	1.3
1.31	11.9
1.3125	9.9
1.315	4.3
1.3175	-2.8
1.32	5.1
1.3225	13.9
1.325	11.7
1.3275	5.2
1.33	13.2
1.3325	6.9
1.335	-6.8
1.3375	-3.4
1.34	-2.5
1.3425	-6.5
1.345	-10.2
1.3475	-10.8
1.35	-14.4
1.3525	-12.1
1.355	-0.7
1.3575	11.4
1.36	16.8
1.3625	6.3
1.365	-7.1
1.3675	-9.8
1.37	-9.0
1.3725	-1.3
1.375	3.4
1.3775	-4.2
1.38	-13.8
1.3825	-21.7
1.385	-19.5
1.3875	-8.5
1.39	-1.8
1.3925	-10.9
1.395	-22.5
1.3975	-21.5
1.4	-18.9
1.4025	-16.7
1.405	-7.2
1.4075	1.3
1.41	4.4
1.4125	-1.9
1.415	-12.3
1.4175	-7.3
1.42	-2.1
1.4225	-3.2
1.425	-6.3
1.4275	-12.2
1.43	-15.1
1.4325	-14.4
1.435	-12.7
1.4375	-9.6
1.44	6.0
1.4425	-3.4
1.445	-23.9
1.4475	-16.6
1.45	-19.7
1.4525	-20.4
1.455	-10.0
1.4575	-11.6
1.46	-12.3
1.4625	-11.0
1.465	-8.0
1.4675	-3.5
1.47	-4.0
1.4725	1.5
1.475	-1.3
1.4775	-5.0
1.48	-3.2
1.4825	-0.6
1.485	2.4
1.4875	-3.1
1.49	-3.3
1.4925	-2.8
1.495	-6.8
1.4975	-15.1
1.5	-15.1
1.5025	-11.4
1.505	-11.4
1.5075	-11.5
1.51	-17.3
1.5125	-21.6
1.515	-18.7
1.5175	-20.5
1.52	-21.4
1.5225	-13.0
1.525	-12.1
1.5275	-7.9
1.53	-7.7
1.5325	-16.2
1.535	-9.7
1.5375	4.7
1.54	14.8
1.5425	12.4
1.545	3.9
1.5475	-6.6
1.55	-14.7
1.5525	-7.7
1.555	-3.8
1.5575	-0.3
1.56	-6.9
1.5625	-21.9
1.565	-13.6
1.5675	-4.7
1.57	-1.8
1.5725	-4.0
1.575	-11.2
1.5775	-10.3
1.58	-12.4
1.5825	-14.3
1.585	-13.1
1.5875	-18.1
1.59	-14.6
1.5925	-11.9
1.595	-19.9
1.5975	-12.2
1.6	-5.3
1.6025	-13.8
1.605	-11.2
1.6075	-1.8
1.61	-7.2
1.6125	-20.2
1.615	-27.4
1.6175	-22.9
1.62	-14.3
1.6225	-8.0
1.625	-6.4
1.6275	-7.3
1.63	-5.0
1.6325	-9.3
1.635	-9.7
1.6375	-7.5
1.64	0.9
1.6425	0.2
1.645	-14.3
1.6475	-8.0
1.65	-10.1
1.6525	-21.1
1.655	-17.8
1.6575	-12.3
1.66	-10.2
1.6625	-15.9
1.665	-22.3
1.6675	-22.0
1.67	-22.9
1.6725	-14.5
1.675	-10.1
1.6775	-14.2
1.68	-9.8
1.6825	-10.1
1.685	-13.2
1.6875	-13.9
1.69	-16.9
1.6925	-21.2
1.695	-17.4
1.6975	-14.5
1.7	-11.7
1.7025	-1.7
1.705	1.4
1.7075	3.0
1.71	10.4
1.7125	15.6
1.715	10.6
1.7175	10.4
1.72	0.7
1.7225	-4.5
1.725	-3.8
1.7275	-18.2
1.73	-20.1
1.7325	-26.5
1.735	-31.7
1.7375	-28.1
1.74	-30.5
1.7425	-28.9
1.745	-28.1
1.7475	-37.3
1.75	-46.0
1.7525	-41.1
1.755	-33.4
1.7575	-26.9
1.76	-27.6
1.7625	-34.8
1.765	-31.0
1.7675	-19.9
1.77	-12.2
1.7725	-12.7
1.775	-11.5
1.7775	-13.7
1.78	-18.2
1.7825	-14.5
1.785	-15.0
1.7875	-12.8
1.79	-10.7
1.7925	-5.6
1.795	2.0
1.7975	-6.7
1.8	-5.7
1.8025	1.1
1.805	7.3
1.8075	7.7
1.81	3.6
1.8125	3.9
1.815	-1.2
1.8175	-6.9
1.82	-12.9
1.8225	-8.6
1.825	-20.6
1.8275	-37.0
1.83	-34.5
1.8325	-40.7
1.835	-38.6
1.8375	-30.5
1.84	-26.8
1.8425	-25.3
1.845	-29.0
1.8475	-35.1
1.85	-38.9
1.8525	-27.9
1.855	-16.0
1.8575	-10.4
1.86	-5.9
1.8625	-5.7
1.865	-4.7
1.8675	-1.6
1.87	13.2
1.8725	24.4
1.875	32.8
1.8775	36.5
1.88	23.2
1.8825	26.1
1.885	29.2
1.8875	24.5
1.89	27.0
1.8925	25.9
1.895	20.6
1.8975	9.5
1.9	3.2
1.9025	0.1
1.905	-4.1
1.9075	-3.9
1.91	-5.5
1.9125	-17.6
1.915	-32.2
1.9175	-26.8
1.92	-29.4
1.9225	-31.6
1.925	-25.8
1.9275	-31.9
1.93	-25.5
1.9325	-20.4
1.935	-17.3
1.9375	-11.4
1.94	-8.0
1.9425	-2.4
1.945	-5.2
1.9475	0.8
1.95	6.8
1.9525	8.9
1.955	10.1
1.9575	6.9
1.96	13.9
1.9625	12.6
1.965	11.1
1.9675	20.4
1.97	20.3
1.9725	17.9
1.975	20.5
1.9775	18.8
1.98	16.0
1.9825	16.4
1.985	11.3
1.9875	3.6
1.99	1.9
1.9925	-3.3
1.995	-6.5
1.9975	-10.2
2	-21.9
2.0025	-24.1
2.005	-19.4
2.0075	-25.6
2.01	-32.3
2.0125	-12.3
2.015	-7.6
2.0175	-26.1
2.02	-23.3
2.0225	-8.0
2.025	0.2
2.0275	-2.5
2.03	-7.7
2.0325	4.2
2.035	13.2
2.0375	11.6
2.04	21.2
2.0425	25.6
2.045	25.7
2.0475	23.7
2.05	27.4
2.0525	27.9
2.055	18.6
2.0575	23.0
2.06	21.5
2.0625	21.7
2.065	23.2
2.0675	12.2
2.07	13.2
2.0725	6.5
2.075	-0.7
2.0775	-0.1
2.08	-5.9
2.0825	-3.9
2.085	-1.1
2.0875	-10.2
2.09	-10.9
2.0925	-13.3
2.095	-20.1
2.0975	-27.5
2.1	-28.1
2.1025	-20.4
2.105	-12.8
2.1075	-15.7
2.11	-19.0
2.1125	-4.8
2.115	-3.2
2.1175	1.7
2.12	7.3
2.1225	12.5
2.125	22.9
2.1275	17.0
2.13	19.7
2.1325	21.7
2.135	20.6
2.1375	25.2
2.14	18.5
2.1425	10.9
2.145	14.5
2.1475	24.2
2.15	24.9
2.1525	5.1
2.155	-9.8
2.1575	-12.5
2.16	-9.2
2.1625	-8.2
2.165	-9.8
2.1675	-13.2
2.17	-23.4
2.1725	-27.4
2.175	-27.6
2.1775	-26.8
2.18	-19.4
2.1825	-21.0
2.185	-35.6
2.1875	-39.8
2.19	-32.6
2.1925	-29.5
2.195	-28.3
2.1975	-29.4
2.2	-26.1
2.2025	-25.4
2.205	-19.7
2.2075	-5.5
2.21	-2.8
2.2125	3.3
2.215	11.8
2.2175	9.0
2.22	9.7
2.2225	19.1
2.225	30.2
2.2275	26.1
2.23	6.8
2.2325	-3.7
2.235	2.8
2.2375	2.5
2.24	8.7
2.2425	-1.9
2.245	-18.3
2.2475	-14.6
2.25	-16.3
2.2525	-19.6
2.255	-21.3
2.2575	-22.8
2.26	-20.5
2.2625	-19.4
2.265	-17.5
2.2675	-18.8
2.27	-28.3
2.2725	-35.1
2.275	-39.0
2.2775	-36.2
2.28	-37.5
2.2825	-36.3
2.285	-33.9
2.2875	-27.9
2.29	-24.6
2.2925	-16.8
2.295	-8.6
2.2975	-10.3
2.3	2.7
2.3025	9.8
2.305	13.9
2.3075	15.7
2.31	12.0
2.3125	14.1
2.315	16.1
2.3175	24.2
2.32	23.0
2.3225	17.4
2.325	8.1
2.3275	-3.7
2.33	4.2
2.3325	2.8
2.335	-12.4
2.3375	-7.3
2.34	-2.2
2.3425	-7.8
2.345	-17.1
2.3475	-26.7
2.35	-30.7
2.3525	-32.6
2.355	-35.4
2.3575	-36.8
2.36	-32.8
2.3625	-30.9
2.365	-34.4
2.3675	-33.9
2.37	-27.1
2.3725	-18.2
2.375	-15.3
2.3775	-7.1
2.38	-6.6
2.3825	-6.9
2.385	7.5
2.3875	12.5
2.39	14.8
2.3925	16.0
2.395	15.2
2.3975	12.3
2.4	10.9
2.4025	15.4
2.405	19.0
2.4075	17.2
2.41	9.4
2.4125	2.4
2.415	-4.5
2.4175	-2.2
2.42	5.7
2.4225	10.4
2.425	9.2
2.4275	-0.9
2.43	-3.2
2.4325	-8.6
2.435	-17.2
2.4375	-15.7
2.44	-11.5
2.4425	-2.9
2.445	-8.2
2.4475	-18.9
2.45	-21.2
2.4525	-17.4
2.455	-9.9
2.4575	-1.9
2.46	3.9
2.4625	5.7
2.465	11.5
2.4675	20.6
2.47	37.0
2.4725	37.2
2.475	39.0
2.4775	54.2
2.48	50.2
2.4825	38.3
2.485	40.2
2.4875	42.9
2.49	40.3
2.4925	41.7
2.495	37.1
2.4975	37.4
2.5	39.6
2.5025	37.4
2.505	26.7
2.5075	17.4
2.51	13.9
2.5125	-0.3
2.515	-8.7
2.5175	-8.2
2.52	-4.6
2.5225	-9.2
2.525	-16.8
2.5275	-12.5
2.53	-21.2
2.5325	-30.3
2.535	-27.0
2.5375	-17.4
2.54	-4.9
2.5425	0.9
2.545	6.0
2.5475	9.8
2.55	18.0
2.5525	27.7
2.555	28.7
2.5575	30.7
2.56	42.3
2.5625	47.1
2.565	43.2
2.5675	40.9
2.57	43.9
2.5725	55.5
2.575	45.0
2.5775	32.1
2.58	34.9
2.5825	28.7
2.585	28.6
2.5875	26.9
2.59	20.5
2.5925	14.5
2.595	12.0
2.5975	9.7
2.6	-3.0
2.6025	-11.0
2.605	-8.1
2.6075	-0.4
2.61	-11.1
2.6125	-15.5
2.615	-11.4
2.6175	-17.8
2.62	-18.2
2.6225	-14.8
2.625	-17.0
2.6275	-18.6
2.63	-10.1
2.6325	-5.0
2.635	-5.8
2.6375	-5.2
2.64	5.8
2.6425	9.9
2.645	6.6
2.6475	15.7
2.65	18.5
2.6525	23.9
2.655	35.6
2.6575	38.5
2.66	40.7
2.6625	39.2
2.665	39.6
2.6675	37.8
2.67	34.1
2.6725	31.6
2.675	26.2
2.6775	22.9
2.68	13.6
2.6825	11.5
2.685	13.8
2.6875	3.8
2.69	-3.9
2.6925	-8.1
2.695	-5.5
2.6975	-4.2
2.7	-6.7
2.7025	-9.1
2.705	-16.9
2.7075	-19.7
2.71	-18.6
2.7125	-18.1
2.715	-11.0
2.7175	-7.4
2.72	-4.3
2.7225	0.6
2.725	-2.2
2.7275	3.9
2.73	10.7
2.7325	12.0
2.735	16.7
2.7375	21.8
2.74	26.2
2.7425	30.4
2.745	28.8
2.7475	26.8
2.75	30.0
2.7525	37.0
2.755	41.0
2.7575	35.4
2.76	36.6
2.7625	38.3
2.765	32.0
2.7675	20.0
2.77	10.7
2.7725	9.1
2.775	8.3
2.7775	7.3
2.78	-4.0
2.7825	-11.6
2.785	-15.3
2.7875	-14.8
2.79	-9.8
2.7925	-13.7
2.795	-11.7
2.7975	-6.2
2.8	-21.2
2.8025	-31.4
2.805	-24.2
2.8075	-16.2
2.81	-5.4
2.8125	-3.0
2.815	1.0
2.8175	6.2
2.82	11.8
2.8225	13.0
2.825	22.6
2.8275	35.5
2.83	28.6
2.8325	28.2
2.835	32.2
2.8375	54.3
2.84	40.1
2.8425	8.3
2.845	16.5
2.8475	8.7
2.85	11.9
2.8525	21.7
2.855	9.9
2.8575	4.5
2.86	-2.2
2.8625	-6.9
2.865	-4.8
2.8675	-2.2
2.87	-6.3
2.8725	-16.1
2.875	-13.2
2.8775	-21.2
2.88	-32.4
2.8825	-42.1
2.885	-48.5
2.8875	-44.8
2.89	-46.1
2.8925	-44.6
2.895	-48.0
2.8975	-51.1
2.9	-46.8
2.9025	-39.5
2.905	-39.3
2.9075	-32.1
2.91	-17.4
2.9125	-0.7
2.915	0.4
2.9175	1.3
2.92	6.3
2.9225	8.3
2.925	16.7
2.9275	13.0
2.93	9.0
2.9325	1.0
2.935	-1.8
2.9375	4.7
2.94	2.1
2.9425	-3.2
2.945	-7.3
2.9475	-10.3
2.95	-11.1
2.9525	-26.9
2.955	-35.7
2.9575	-27.0
2.96	-34.4
2.9625	-45.0
2.965	-46.7
2.9675	-47.4
2.97	-54.7
2.9725	-60.3
2.975	-63.1
2.9775	-66.3
2.98	-62.2
2.9825	-56.4
2.985	-52.1
2.9875	-57.7
2.99	-50.0
2.9925	-41.0
2.995	-37.3
2.9975	-35.2
3	-39.8
3.0025	-29.4
3.005	-26.9
3.0075	-9.7
3.01	1.3
3.0125	-14.4
3.015	-8.2
3.0175	0.2
3.02	-3.7
3.0225	-3.6
3.025	-2.9
3.0275	-11.8
3.03	-10.1
3.0325	-0.4
3.035	-8.8
3.0375	-13.6
3.04	-21.6
3.0425	-36.7
3.045	-37.3
3.0475	-40.2
3.05	-38.0
3.0525	-36.8
3.055	-44.0
3.0575	-48.6
3.06	-60.7
3.0625	-63.6
3.065	-57.0
3.0675	-58.6
3.07	-64.5
3.0725	-69.6
3.075	-72.3
3.0775	-71.5
3.08	-66.2
3.0825	-59.5
3.085	-48.4
3.0875	-37.8
3.09	-30.4
3.0925	-24.9
3.095	-20.1
3.0975	-20.8
3.1	-22.0
3.1025	-15.8
3.105	-15.2
3.1075	-16.1
3.11	-8.0
3.1125	-9.1
3.115	-23.0
3.1175	-24.0
3.12	-23.1
3.1225	-32.6
3.125	-38.2
3.1275	-34.8
3.13	-36.5
3.1325	-42.7
3.135	-43.4
3.1375	-48.3
3.14	-52.4
3.1425	-59.2
3.145	-63.7
3.1475	-68.7
3.15	-67.9
3.1525	-65.4
3.155	-71.3
3.1575	-74.8
3.16	-74.8
3.1625	-69.3
3.165	-72.3
3.1675	-72.0
3.17	-74.1
3.1725	-70.2
3.175	-55.0
3.1775	-51.5
3.18	-39.1
3.1825	-30.4
3.185	-33.6
3.1875	-37.8
3.19	-34.9
3.1925	-24.2
3.195	-25.5
3.1975	-33.8
3.2	-38.8
3.2025	-40.3
3.205	-34.7
3.2075	-35.3
3.21	-35.2
3.2125	-36.7
3.215	-38.9
3.2175	-40.9
3.22	-42.8
3.2225	-42.0
3.225	-44.8
3.2275	-39.4
3.23	-27.9
3.2325	-34.2
3.235	-52.2
3.2375	-50.6
3.24	-54.2
3.2425	-61.8
3.245	-60.7
3.2475	-66.7
3.25	-70.9
3.2525	-72.7
3.255	-72.1
3.2575	-75.3
3.26	-75.9
3.2625	-69.7
3.265	-63.4
3.2675	-66.1
3.27	-59.4
3.2725	-40.3
3.275	-35.5
3.2775	-27.0
3.28	-26.4
3.2825	-38.9
3.285	-33.3
3.2875	-32.8
3.29	-31.0
3.2925	-30.6
3.295	-40.8
3.2975	-40.3
3.3	-42.7
3.3025	-50.5
3.305	-56.4
3.3075	-55.0
3.31	-63.2
3.3125	-72.9
3.315	-58.5
3.3175	-53.7
3.32	-58.5
3.3225	-54.5
3.325	-48.1
3.3275	-53.2
3.33	-59.1
3.3325	-65.0
3.335	-73.8
3.3375	-71.9
3.34	-73.7
3.3425	-73.9
3.345	-79.7
3.3475	-79.8
3.35	-73.0
3.3525	-71.4
3.355	-69.4
3.3575	-64.0
3.36	-55.2
3.3625	-48.6
3.365	-47.4
3.3675	-37.4
3.37	-27.4
3.3725	-26.5
3.375	-23.3
3.3775	-30.9
3.38	-34.7
3.3825	-40.4
3.385	-29.2
3.3875	-13.1
3.39	-21.6
3.3925	-28.0
3.395	-29.7
3.3975	-32.5
3.4	-39.9
3.4025	-38.1
3.405	-29.4
3.4075	-26.8
3.41	-41.5
3.4125	-47.9
3.415	-28.0
3.4175	-33.6
3.42	-59.1
3.4225	-66.5
3.425	-62.5
3.4275	-54.9
3.43	-64.5
3.4325	-77.0
3.435	-82.1
3.4375	-78.6
3.44	-67.3
3.4425	-68.3
3.445	-60.7
3.4475	-50.1
3.45	-52.9
3.4525	-52.2
3.455	-38.5
3.4575	-30.0
3.46	-39.1
3.4625	-36.1
3.465	-18.4
3.4675	-18.3
3.47	-26.5
3.4725	-20.8
3.475	-21.0
3.4775	-24.3
3.48	-19.5
3.4825	-19.3
3.485	-23.5
3.4875	-23.7
3.49	-23.0
3.4925	-24.5
3.495	-27.7
3.4975	-34.7
3.5	-38.6
3.5025	-43.1
3.505	-49.2
3.5075	-49.1
3.51	-47.2
3.5125	-40.3
3.515	-45.1
3.5175	-58.3
3.52	-58.6
3.5225	-55.6
3.525	-58.2
3.5275	-62.5
3.53	-65.8
3.5325	-61.5
3.535	-49.6
3.5375	-52.9
3.54	-58.3
3.5425	-59.0
3.545	-59.1
3.5475	-53.8
3.55	-51.8
3.5525	-48.2
3.555	-40.9
3.5575	-32.0
3.56	-29.0
3.5625	-32.7
3.565	-23.4
3.5675	-2.6
3.57	-6.4
3.5725	-9.8
3.575	-14.9
3.5775	-31.9
3.58	-28.3
3.5825	-29.9
3.585	-30.4
3.5875	-28.6
3.59	-35.9
3.5925	-31.2
3.595	-24.3
3.5975	-32.2
3.6	-37.1
3.6025	-45.0
3.605	-51.4
3.6075	-47.4
3.61	-48.9
3.6125	-41.3
3.615	-41.9
3.6175	-52.2
3.62	-47.9
3.6225	-54.0
3.625	-56.5
3.6275	-54.0
3.63	-59.4
3.6325	-54.7
3.635	-50.4
3.6375	-51.3
3.64	-42.6
3.6425	-29.4
3.645	-34.6
3.6475	-44.0
3.65	-45.5
3.6525	-38.3
3.655	-31.5
3.6575	-24.7
3.66	-24.8
3.6625	-31.3
3.665	-27.4
3.6675	-31.6
3.67	-32.1
3.6725	-29.6
3.675	-33.4
3.6775	-33.4
3.68	-37.0
3.6825	-37.8
3.685	-40.1
3.6875	-40.8
3.69	-47.6
3.6925	-47.8
3.695	-42.0
3.6975	-56.0
3.7	-65.3
3.7025	-68.5
3.705	-61.7
3.7075	-61.2
3.71	-69.0
3.7125	-72.5
3.715	-75.3
3.7175	-75.2
3.72	-72.3
3.7225	-77.0
3.725	-79.2
3.7275	-67.3
3.73	-55.0
3.7325	-42.8
3.735	-35.6
3.7375	-41.6
3.74	-44.3
3.7425	-28.7
3.745	-26.9
3.7475	-36.7
3.75	-39.0
3.7525	-44.0
3.755	-43.4
3.7575	-42.5
3.76	-31.6
3.7625	-23.5
3.765	-34.3
3.7675	-33.8
3.77	-35.8
3.7725	-44.8
3.775	-39.4
3.7775	-48.2
3.78	-66.6
3.7825	-61.1
3.785	-46.6
3.7875	-40.7
3.79	-57.3
3.7925	-74.1
3.795	-68.4
3.7975	-58.0
3.8	-51.6
3.8025	-51.7
3.805	-52.1
3.8075	-57.1
3.81	-59.8
3.8125	-56.4
3.815	-49.0
3.8175	-39.7
3.82	-33.0
3.8225	-28.4
3.825	-26.4
3.8275	-28.5
3.83	-26.7
3.8325	-20.5
3.835	-20.8
3.8375	-14.3
3.84	-14.8
3.8425	-19.7
3.845	-11.2
3.8475	-15.6
3.85	-9.4
3.8525	-13.4
3.855	-27.2
3.8575	-32.6
3.86	-38.6
3.8625	-24.1
3.865	-31.2
3.8675	-46.4
3.87	-57.2
3.8725	-68.3
3.875	-54.5
3.8775	-47.1
3.88	-51.9
3.8825	-59.7
3.885	-69.5
3.8875	-72.0
3.89	-73.1
3.8925	-62.5
3.895	-41.5
3.8975	-36.1
3.9	-44.0
3.9025	-46.9
3.905	-43.6
3.9075	-32.5
3.91	-15.9
3.9125	4.7
3.915	5.1
3.9175	-5.1
3.92	-6.7
3.9225	-14.8
3.925	-20.7
3.9275	-14.0
3.93	-11.8
3.9325	-11.8
3.935	-7.1
3.9375	-15.0
3.94	-8.0
3.9425	-10.8
3.945	-24.7
3.9475	-25.9
3.95	-38.5
3.9525	-40.4
3.955	-43.2
3.9575	-52.7
3.96	-50.0
3.9625	-44.3
3.965	-57.4
3.9675	-62.3
3.97	-54.2
3.9725	-65.5
3.975	-57.8
3.9775	-43.9
3.98	-50.4
3.9825	-41.9
3.985	-30.1
3.9875	-31.9
3.99	-23.8
3.9925	-13.3
3.995	-8.9
3.9975	-2.1
4	-8.7
4.0025	-14.0
4.005	-5.0
4.0075	2.8
4.01	9.3
4.0125	2.5
4.015	-1.1
4.0175	-6.6
4.02	-14.8
4.0225	-7.6
4.025	-11.5
4.0275	-14.1
4.03	-21.1
4.0325	-24.8
4.035	-25.9
4.0375	-42.2
4.04	-40.2
4.0425	-36.6
4.045	-45.2
4.0475	-55.8
4.05	-62.4
4.0525	-51.1
4.055	-50.8
4.0575	-59.2
4.06	-54.7
4.0625	-51.3
4.065	-43.0
4.0675	-41.5
4.07	-37.4
4.0725	-30.9
4.075	-29.4
4.0775	-22.1
4.08	-4.4
4.0825	5.5
4.085	4.2
4.0875	14.4
4.09	17.1
4.0925	18.5
4.095	21.3
4.0975	7.6
4.1	6.9
4.1025	11.5
4.105	4.7
4.1075	-1.2
4.11	-9.4
4.1125	-4.1
4.115	-6.3
4.1175	-12.5
4.12	-7.4
4.1225	-12.6
4.125	-15.0
4.1275	-19.5
4.13	-25.7
4.1325	-29.5
4.135	-36.4
4.1375	-37.4
4.14	-42.8
4.1425	-46.3
4.145	-44.5
4.1475	-38.8
4.15	-40.5
4.1525	-43.2
4.155	-43.7
4.1575	-53.7
4.16	-56.1
4.1625	-50.4
4.165	-44.5
4.1675	-40.1
4.17	-24.3
4.1725	-9.0
4.175	-9.1
4.1775	-10.6
4.18	-3.9
4.1825	6.3
4.185	9.9
4.1875	14.7
4.19	11.8
4.1925	0.9
4.195	1.4
4.1975	-4.4
4.2	-16.2
4.2025	-10.9
4.205	-9.6
4.2075	-13.8
4.21	-20.9
4.2125	-35.9
4.215	-39.4
4.2175	-38.8
4.22	-41.9
4.2225	-53.3
4.225	-59.3
4.2275	-56.2
4.23	-56.1
4.2325	-56.9
4.235	-51.7
4.2375	-44.1
4.24	-32.2
4.2425	-25.1
4.245	-30.9
4.2475	-26.1
4.25	-21.5
4.2525	-20.5
4.255	-11.9
4.2575	-10.8
4.26	-26.3
4.2625	-17.5
4.265	-3.9
4.2675	-3.4
4.27	6.4
4.2725	11.5
4.275	13.4
4.2775	21.2
4.28	14.4
4.2825	1.7
4.285	2.9
4.2875	-1.4
4.29	-6.0
4.2925	-2.0
4.295	-4.7
4.2975	-14.8
4.3	-23.1
4.3025	-28.5
4.305	-26.8
4.3075	-30.6
4.31	-35.0
4.3125	-42.0
4.315	-49.4
4.3175	-53.5
4.32	-59.3
4.3225	-56.8
4.325	-58.7
4.3275	-53.2
4.33	-51.5
4.3325	-58.0
4.335	-53.0
4.3375	-48.8
4.34	-47.0
4.3425	-39.1
4.345	-31.0
4.3475	-15.0
4.35	-0.7
4.3525	-2.3
4.355	11.2
4.3575	12.9
4.36	8.7
4.3625	12.3
4.365	10.8
4.3675	16.6
4.37	24.2
4.3725	24.7
4.375	11.2
4.3775	6.9
4.38	10.7
4.3825	4.1
4.385	-2.8
4.3875	-11.4
4.39	-17.2
4.3925	-12.8
4.395	-23.1
4.3975	-34.9
4.4	-28.9
4.4025	-28.0
4.405	-40.2
4.4075	-31.5
4.41	-21.2
4.4125	-35.4
4.415	-39.9
4.4175	-37.9
4.42	-32.9
4.4225	-31.2
4.425	-36.8
4.4275	-35.2
4.43	-28.8
4.4325	-26.5
4.435	-32.1
4.4375	-34.1
4.44	-22.8
4.4425	-19.3
4.445	-14.5
4.4475	-8.6
4.45	-4.2
4.4525	1.3
4.455	1.1
4.4575	14.7
4.46	14.7
4.4625	7.8
4.465	7.3
4.4675	10.3
4.47	12.4
4.4725	3.2
4.475	-4.2
4.4775	-1.5
4.48	-2.7
4.4825	-8.7
4.485	-12.5
4.4875	-20.1
4.49	-24.2
4.4925	-22.0
4.495	-23.4
4.4975	-28.6
4.5	-37.1
4.5025	-48.1
4.505	-50.7
4.5075	-45.8
4.51	-43.8
4.5125	-39.3
4.515	-30.6
4.5175	-19.0
4.52	-16.7
4.5225	-23.2
4.525	-8.2
4.5275	-1.6
4.53	-4.7
4.5325	0.6
4.535	8.7
4.5375	9.3
4.54	1.7
4.5425	16.0
4.545	18.8
4.5475	16.9
4.55	20.2
4.5525	10.6
4.555	6.9
4.5575	9.0
4.56	10.7
4.5625	2.6
4.565	0.2
4.5675	-0.2
4.57	-6.0
4.5725	-15.5
4.575	-15.9
4.5775	-6.4
4.58	-10.3
4.5825	-5.4
4.585	-9.5
4.5875	-22.0
4.59	-17.8
4.5925	-21.0
4.595	-31.3
4.5975	-33.3
4.6	-33.6
4.6025	-25.1
4.605	-16.6
4.6075	-23.5
4.61	-25.3
4.6125	-17.2
4.615	-7.8
4.6175	-4.5
4.62	-1.7
4.6225	7.3
4.625	12.6
4.6275	16.3
4.63	20.8
4.6325	25.0
4.635	28.1
4.6375	18.6
4.64	10.4
4.6425	6.3
4.645	0.9
4.6475	1.7
4.65	7.9
4.6525	2.2
4.655	-8.2
4.6575	-1.9
4.66	-2.6
4.6625	-10.1
4.665	-6.4
4.6675	-1.1
4.67	-5.0
4.6725	-11.9
4.675	-10.4
4.6775	-12.6
4.68	-13.3
4.6825	-13.0
4.685	-15.3
4.6875	-8.5
4.69	-3.7
4.6925	-2.8
4.695	1.0
4.6975	1.8
4.7	8.1
4.7025	12.2
4.705	8.3
4.7075	14.5
4.71	20.3
4.7125	22.5
4.715	28.8
4.7175	29.0
4.72	27.2
4.7225	37.5
4.725	39.8
4.7275	34.1
4.73	29.1
4.7325	26.0
4.735	25.8
4.7375	19.4
4.74	13.9
4.7425	8.2
4.745	1.3
4.7475	8.1
4.75	10.9
4.7525	5.1
4.755	3.2
4.7575	6.4
4.76	4.2
4.7625	12.4
4.765	16.9
4.7675	4.1
4.77	-1.9
4.7725	-4.3
4.775	0.1
4.7775	-0.5
4.78	-6.9
4.7825	-4.9
4.785	4.2
4.7875	6.4
4.79	-0.5
4.7925	7.8
4.795	21.0
4.7975	22.3
4.8	28.4
4.8025	34.8
4.805	40.1
4.8075	41.1
4.81	41.3
4.8125	49.9
4.815	50.2
4.8175	42.2
4.82	35.9
4.8225	33.5
4.825	28.9
4.8275	28.0
4.83	23.4
4.8325	15.0
4.835	17.5
4.8375	16.7
4.84	9.6
4.8425	12.3
4.845	10.8
4.8475	10.2
4.85	23.4
4.8525	10.1
4.855	8.3
4.8575	21.4
4.86	16.9
4.8625	25.8
4.865	27.3
4.8675	17.1
4.87	20.9
4.8725	25.2
4.875	24.1
4.8775	27.3
4.88	21.6
4.8825	15.3
4.885	12.5
4.8875	6.9
4.89	11.9
4.8925	14.0
4.895	11.2
4.8975	9.0
4.9	9.5
4.9025	15.3
4.905	18.8
4.9075	16.4
4.91	16.5
4.9125	15.7
4.915	14.9
4.9175	8.1
4.92	7.8
4.9225	18.3
4.925	17.2
4.9275	24.5
4.93	24.7
4.9325	10.2
4.935	8.8
4.9375	18.6
4.94	19.9
4.9425	21.8
4.945	27.3
4.9475	11.4
4.95	-6.6
4.9525	-3.4
4.955	8.2
4.9575	6.6
4.96	-4.6
4.9625	-11.1
4.965	-10.5
4.9675	-8.1
4.97	-7.3
4.9725	-5.4
4.975	-5.1
4.9775	2.3
4.98	-3.1
4.9825	-4.3
4.985	-1.3
4.9875	-1.2
4.99	15.7
4.9925	4.5
4.995	-7.9
4.9975	7.2
5	10.1
5.0025	13.3
5.005	20.8
5.0075	17.8
5.01	11.2
5.0125	9.2
5.015	14.8
5.0175	23.7
5.02	32.5
5.0225	27.2
5.025	30.9
5.0275	36.6
5.03	30.7
5.0325	32.8
5.035	36.6
5.0375	28.2
5.04	22.2
5.0425	16.8
5.045	0.9
5.0475	-5.9
5.05	-10.0
5.0525	-16.5
5.055	-18.4
5.0575	-21.2
5.06	-14.5
5.0625	-15.2
5.065	-19.2
5.0675	-14.1
5.07	-17.5
5.0725	-15.0
5.075	-4.0
5.0775	-3.8
5.08	-16.7
5.0825	-13.0
5.085	2.6
5.0875	11.3
5.09	13.2
5.0925	19.4
5.095	27.1
5.0975	26.4
5.1	24.3
5.1025	25.6
5.105	30.8
5.1075	31.3
5.11	29.4
5.1125	35.8
5.115	37.7
5.1175	33.5
5.12	21.8
5.1225	14.8
5.125	13.4
5.1275	2.7
5.13	-3.1
5.1325	-8.1
5.135	-12.7
5.1375	-9.2
5.14	-12.8
5.1425	-10.7
5.145	-6.0
5.1475	-11.2
5.15	-23.3
5.1525	-29.3
5.155	-18.6
5.1575	-11.0
5.16	-3.6
5.1625	3.9
5.165	8.8
5.1675	13.1
5.17	11.9
5.1725	7.7
5.175	14.4
5.1775	20.1
5.18	19.6
5.1825	23.3
5.185	24.0
5.1875	30.2
5.19	29.1
5.1925	22.5
5.195	23.5
5.1975	27.2
5.2	22.8
5.2025	16.8
5.205	18.3
5.2075	20.0
5.21	25.7
5.2125	25.2
5.215	20.0
5.2175	8.2
5.22	-5.7
5.2225	-9.9
5.225	-14.5
5.2275	-11.5
5.23	-0.1
5.2325	-2.3
5.235	-13.9
5.2375	-10.4
5.24	-1.2
5.2425	-4.7
5.245	-3.8
5.2475	0.6
5.25	-4.8
5.2525	0.2
5.255	1.8
5.2575	-2.1
5.26	11.0
5.2625	9.2
5.265	6.4
5.2675	15.6
5.27	15.2
5.2725	22.6
5.275	21.7
5.2775	10.9
5.28	17.7
5.2825	23.0
5.285	22.7
5.2875	27.5
5.29	27.1
5.2925	16.9
5.295	2.0
5.2975	-3.1
5.3	5.1
5.3025	-1.3
5.305	-9.9
5.3075	-10.9
5.31	-11.0
5.3125	-16.0
5.315	-27.6
5.3175	-23.5
5.32	-24.7
5.3225	-28.3
5.325	-31.7
5.3275	-33.4
5.33	-27.8
5.3325	-21.7
5.335	-23.0
5.3375	-23.9
5.34	-11.9
5.3425	-19.0
5.345	-11.6
5.3475	3.3
5.35	6.2
5.3525	17.4
5.355	17.4
5.3575	13.9
5.36	26.5
5.3625	21.2
5.365	14.2
5.3675	23.2
5.37	27.7
5.3725	31.1
5.375	33.8
5.3775	33.7
5.38	25.4
5.3825	17.6
5.385	12.2
5.3875	11.9
5.39	5.5
5.3925	7.1
5.395	12.7
5.3975	4.0
5.4	-2.5
5.4025	-2.2
5.405	-0.6
5.4075	-4.3
5.41	-6.8
5.4125	-15.5
5.415	-17.0
5.4175	-6.5
5.42	-10.8
5.4225	-19.4
5.425	-15.2
5.4275	-8.4
5.43	-0.6
5.4325	3.4
5.435	1.5
5.4375	5.4
5.44	9.6
5.4425	19.8
5.445	32.0
5.4475	28.3
5.45	27.8
5.4525	38.4
5.455	42.1
5.4575	40.6
5.46	38.5
5.4625	46.1
5.465	51.7
5.4675	45.4
5.47	45.3
5.4725	34.0
5.475	25.0
5.4775	15.3
5.48	8.0
5.4825	14.4
5.485	-5.1
5.4875	-8.2
5.49	2.2
5.4925	-3.1
5.495	-6.0
5.4975	-11.5
5.5	-19.6
5.5025	-18.6
5.505	-14.8
5.5075	-11.5
5.51	-4.6
5.5125	-9.3
5.515	-16.1
5.5175	-12.3
5.52	-4.9
5.5225	0.2
5.525	6.6
5.5275	17.0
5.53	21.8
5.5325	24.9
5.535	28.3
5.5375	29.3
5.54	36.7
5.5425	38.4
5.545	32.7
5.5475	31.1
5.55	26.0
5.5525	22.2
5.555	22.0
5.5575	22.5
5.56	22.2
5.5625	14.3
5.565	5.8
5.5675	13.2
5.57	10.5
5.5725	7.8
5.575	20.8
5.5775	10.7
5.58	1.3
5.5825	-2.1
5.585	-3.5
5.5875	-8.5
5.59	-15.9
5.5925	-6.9
5.595	-2.8
5.5975	-0.2
5.6	-4.2
5.6025	-1.5
5.605	3.2
5.6075	0.2
5.61	12.4
5.6125	3.8
5.615	-2.7
5.6175	11.2
5.62	14.2
5.6225	18.1
5.625	24.0
5.6275	30.5
5.63	27.2
5.6325	20.1
5.635	18.6
5.6375	14.6
5.64	16.0
5.6425	18.4
5.645	12.0
5.6475	10.6
5.65	3.0
5.6525	-1.7
5.655	-2.8
5.6575	-15.4
5.66	-11.9
5.6625	-10.8
5.665	-15.5
5.6675	-18.9
5.67	-16.1
5.6725	-23.5
5.675	-22.0
5.6775	-9.4
5.68	-14.8
5.6825	-7.1
5.685	-8.9
5.6875	-13.4
5.69	-6.3
5.6925	0.6
5.695	5.9
5.6975	7.7
5.7	14.2
5.7025	18.5
5.705	22.8
5.7075	23.6
5.71	18.8
5.7125	21.1
5.715	25.2
5.7175	40.4
5.72	44.5
5.7225	36.2
5.725	44.8
5.7275	35.3
5.73	26.5
5.7325	33.8
5.735	27.5
5.7375	29.1
5.74	18.5
5.7425	6.0
5.745	4.9
5.7475	-7.7
5.75	-6.5
5.7525	-2.3
5.755	-1.8
5.7575	8.0
5.76	11.0
5.7625	-1.9
5.765	-6.2
5.7675	-0.6
5.77	8.3
5.7725	-2.2
5.775	-6.3
5.7775	16.4
5.78	29.0
5.7825	20.0
5.785	14.6
5.7875	22.2
5.79	24.8
5.7925	31.1
5.795	30.9
5.7975	26.9
5.8	29.1
5.8025	32.0
5.805	35.2
5.8075	30.1
5.81	27.4
5.8125	26.4
5.815	20.2
5.8175	19.3
5.82	10.1
5.8225	4.0
5.825	5.3
5.8275	-2.1
5.83	-6.9
5.8325	-4.3
5.835	-7.5
5.8375	-11.8
5.84	-3.0
5.8425	-4.3
5.845	-5.4
5.8475	4.1
5.85	8.3
5.8525	4.7
5.855	3.0
5.8575	12.3
5.86	13.8
5.8625	17.2
5.865	25.1
5.8675	25.1
5.87	31.3
5.8725	26.7
5.875	23.9
5.8775	40.4
5.88	40.3
5.8825	32.8
5.885	44.0
5.8875	46.2
5.89	42.3
5.8925	46.2
5.895	40.4
5.8975	37.7
5.9	36.0
5.9025	27.1
5.905	26.0
5.9075	17.8
5.91	6.7
5.9125	4.4
5.915	-0.4
5.9175	-1.9
5.92	-5.4
5.9225	-10.5
5.925	-11.5
5.9275	-13.5
5.93	-16.8
5.9325	-19.3
5.935	-19.4
5.9375	-18.4
5.94	-19.3
5.9425	-13.4
5.945	-6.5
5.9475	-3.3
5.95	6.3
5.9525	13.3
5.955	21.3
5.9575	23.5
5.96	29.2
5.9625	43.9
5.965	49.1
5.9675	44.1
5.97	45.2
5.9725	39.9
5.975	39.4
5.9775	35.0
5.98	24.6
5.9825	33.6
5.985	26.0
5.9875	22.8
5.99	26.1
5.9925	17.9
5.995	17.3
5.9975	14.8
6	11.5
6.0025	12.1
6.005	4.4
6.0075	-5.0
6.01	-11.9
6.0125	-7.3
6.015	-10.8
6.0175	-19.8
6.02	-16.7
6.0225	-20.9
6.025	-19.1
6.0275	-12.1
6.03	-9.6
6.0325	-5.0
6.035	1.5
6.0375	17.5
6.04	28.9
6.0425	25.6
6.045	31.6
6.0475	35.2
6.05	36.4
6.0525	46.0
6.055	52.0
6.0575	52.2
6.06	55.6
6.0625	56.4
6.065	43.3
6.0675	41.1
6.07	43.0
6.0725	37.5
6.075	37.1
6.0775	38.4
6.08	35.6
6.0825	28.3
6.085	16.9
6.0875	2.2
6.09	6.7
6.0925	9.8
6.095	5.9
6.0975	11.2
6.1	7.6
6.1025	3.6
6.105	3.0
6.1075	3.5
6.11	-1.0
6.1125	-1.7
6.115	5.9
6.1175	6.3
6.12	3.2
6.1225	4.1
6.125	15.4
6.1275	16.6
6.13	16.0
6.1325	30.6
6.135	36.7
6.1375	40.2
6.14	47.3
6.1425	41.9
6.145	35.5
6.1475	50.3
6.15	47.4
6.1525	36.2
6.155	42.5
6.1575	35.2
6.16	32.5
6.1625	26.9
6.165	27.1
6.1675	25.7
6.17	26.0
6.1725	35.0
6.175	31.3
6.1775	23.4
6.18	19.5
6.1825	21.5
6.185	21.7
6.1875	13.4
6.19	6.9
6.1925	-0.9
6.195	-2.3
6.1975	3.3
6.2	-9.8
6.2025	-11.3
6.205	-9.2
6.2075	-14.3
6.21	-9.3
6.2125	-4.4
6.215	-1.2
6.2175	8.3
6.22	14.8
6.2225	14.2
6.225	17.6
6.2275	23.3
6.23	26.1
6.2325	30.2
6.235	35.0
6.2375	37.0
6.24	39.6
6.2425	36.3
6.245	27.0
6.2475	27.8
6.25	28.6
6.2525	27.2
6.255	30.8
6.2575	22.8
6.26	19.3
6.2625	13.4
6.265	3.9
6.2675	4.3
6.27	-2.2
6.2725	1.7
6.275	1.5
6.2775	-0.1
6.28	-1.1
6.2825	-14.1
6.285	-12.6
6.2875	-7.4
6.29	-5.8
6.2925	-12.5
6.295	-15.2
6.2975	-16.4
6.3	-17.0
6.3025	-9.3
6.305	-14.3
6.3075	-10.1
6.31	1.1
6.3125	4.3
6.315	11.6
6.3175	15.9
6.32	19.0
6.3225	24.9
6.325	15.3
6.3275	15.5
6.33	23.8
6.3325	19.5
6.335	16.5
6.3375	20.0
6.34	16.2
6.3425	11.4
6.345	13.8
6.3475	10.9
6.35	4.5
6.3525	5.7
6.355	4.2
6.3575	2.8
6.36	2.5
6.3625	-6.0
6.365	-6.8
6.3675	-4.1
6.37	-6.5
6.3725	-10.5
6.375	-13.1
6.3775	-13.5
6.38	-20.3
6.3825	-26.1
6.385	-19.8
6.3875	-22.2
6.39	-28.6
6.3925	-29.4
6.395	-25.5
6.3975	-24.8
6.4	-17.2
6.4025	-3.5
6.405	-0.6
6.4075	1.7
6.41	8.2
6.4125	20.3
6.415	18.1
6.4175	15.8
6.42	23.4
6.4225	21.1
6.425	24.7
6.4275	27.9
6.43	23.4
6.4325	22.4
6.435	20.7
6.4375	24.1
6.44	15.1
6.4425	8.1
6.445	9.6
6.4475	5.3
6.45	11.1
6.4525	4.2
6.455	-1.0
6.4575	-4.4
6.46	-16.4
6.4625	-8.9
6.465	-5.0
6.4675	-10.7
6.47	-14.4
6.4725	-17.5
6.475	-14.3
6.4775	-13.8
6.48	-20.2
6.4825	-15.9
6.485	-2.6
6.4875	8.8
6.49	1.2
6.4925	-5.9
6.495	12.8
6.4975	17.3
6.5	3.2
6.5025	4.5
6.505	14.0
6.5075	21.0
6.51	27.4
6.5125	29.1
6.515	28.8
6.5175	31.7
6.52	19.6
6.5225	10.8
6.525	21.4
6.5275	18.1
6.53	21.3
6.5325	22.2
6.535	14.3
6.5375	15.3
6.54	12.1
6.5425	14.6
6.545	12.6
6.5475	0.7
6.55	-1.0
6.5525	-5.2
6.555	-11.9
6.5575	-12.6
6.56	-19.9
6.5625	-26.8
6.565	-24.1
6.5675	-21.7
6.57	-21.1
6.5725	-19.6
6.575	-19.8
6.5775	-21.4
6.58	-24.0
6.5825	-17.0
6.585	-12.8
6.5875	-8.8
6.59	-2.4
6.5925	-0.8
6.595	7.9
6.5975	6.2
6.6	17.4
6.6025	32.3
6.605	25.0
6.6075	29.5
6.61	32.1
6.6125	17.7
6.615	17.0
6.6175	21.5
6.62	10.0
6.6225	6.3
6.625	11.4
6.6275	7.6
6.63	-5.5
6.6325	-9.4
6.635	-6.7
6.6375	-19.6
6.64	-23.2
6.6425	-22.3
6.645	-22.2
6.6475	-18.3
6.65	-20.5
6.6525	-16.4
6.655	-27.0
6.6575	-33.3
6.66	-22.1
6.6625	-24.8
6.665	-23.3
6.6675	-12.4
6.67	-2.8
6.6725	-4.3
6.675	-6.0
6.6775	-6.4
6.68	-5.5
6.6825	-2.6
6.685	3.0
6.6875	3.7
6.69	7.2
6.6925	13.8
6.695	9.1
6.6975	-1.2
6.7	-0.2
6.7025	8.9
6.705	3.0
6.7075	6.0
6.71	8.7
6.7125	13.2
6.715	6.5
6.7175	-2.3
6.72	6.0
6.7225	3.5
6.725	-0.7
6.7275	-6.3
6.73	-11.2
6.7325	-18.7
6.735	-22.4
6.7375	-16.8
6.74	-14.8
6.7425	-18.7
6.745	-23.1
6.7475	-24.3
6.75	-22.7
6.7525	-16.8
6.755	-15.5
6.7575	-14.8
6.76	-5.8
6.7625	-9.4
6.765	-16.2
6.7675	-12.4
6.77	-15.3
6.7725	-10.2
6.775	9.1
6.7775	0.5
6.78	-13.7
6.7825	-10.4
6.785	-9.2
6.7875	-11.4
6.79	-8.8
6.7925	0.8
6.795	2.0
6.7975	-0.6
6.8	2.0
6.8025	-5.7
6.805	-14.4
6.8075	-11.1
6.81	-7.9
6.8125	-9.0
6.815	-5.7
6.8175	-20.6
6.82	-23.7
6.8225	-13.4
6.825	-21.3
6.8275	-26.6
6.83	-28.9
6.8325	-18.1
6.835	-15.5
6.8375	-19.4
6.84	-9.4
6.8425	-4.7
6.845	-5.7
6.8475	4.1
6.85	2.0
6.8525	4.9
6.855	19.4
6.8575	7.8
6.86	6.2
6.8625	9.2
6.865	16.3
6.8675	23.1
6.87	9.6
6.8725	14.7
6.875	27.0
6.8775	23.4
6.88	22.4
6.8825	23.2
6.885	20.3
6.8875	15.9
6.89	14.3
6.8925	22.8
6.895	13.8
6.8975	9.1
6.9	4.7
6.9025	-3.4
6.905	-5.5
6.9075	-6.3
6.91	4.0
6.9125	0.7
6.915	-3.4
6.9175	-0.5
6.92	-3.4
6.9225	-2.2
6.925	-4.4
6.9275	-7.0
6.93	-2.1
6.9325	-0.3
6.935	-4.9
6.9375	-10.1
6.94	1.0
6.9425	5.0
6.945	2.6
6.9475	1.1
6.95	9.2
6.9525	11.5
6.955	19.0
6.9575	25.9
6.96	16.4
6.9625	22.3
6.965	23.5
6.9675	22.9
6.97	12.9
6.9725	10.7
6.975	12.2
6.9775	5.7
6.98	7.4
6.9825	8.0
6.985	6.2
6.9875	-5.1
6.99	-12.1
6.9925	-10.3
6.995	-12.1
6.9975	-10.0
7	-15.2
7.0025	-10.1
7.005	-7.1
7.0075	-14.6
7.01	-14.2
7.0125	-23.8
7.015	-21.5
7.0175	-22.0
7.02	-19.1
7.0225	-10.0
7.025	-10.5
7.0275	-4.2
7.03	0.7
7.0325	4.5
7.035	4.8
7.0375	5.8
7.04	9.6
7.0425	11.8
7.045	6.4
7.0475	5.4
7.05	12.4
7.0525	14.2
7.055	16.8
7.0575	16.0
7.06	11.2
7.0625	20.5
7.065	17.8
7.0675	-1.7
7.07	-13.9
7.0725	-13.4
7.075	-4.0
7.0775	-1.6
7.08	-6.5
7.0825	-4.8
7.085	-6.6
7.0875	-5.8
7.09	-7.0
7.0925	-5.4
7.095	8.6
7.0975	5.5
7.1	0.0
7.1025	-1.2
7.105	-1.1
7.1075	-4.7
7.11	-7.3
7.1125	-1.4
7.115	-7.1
7.1175	-9.1
7.12	-7.4
7.1225	-5.1
7.125	-6.3
7.1275	-10.5
7.13	-4.5
7.1325	-8.2
7.135	-6.2
7.1375	-1.9
7.14	-7.2
7.1425	-4.6
7.145	6.9
7.1475	11.5
7.15	-0.1
7.1525	1.4
7.155	-0.3
7.1575	1.6
7.16	3.2
7.1625	-7.4
7.165	-9.9
7.1675	-11.5
7.17	-7.5
7.1725	-12.9
7.175	-13.9
7.1775	-8.4
7.18	-10.2
7.1825	-3.5
7.185	0.0
7.1875	6.0
7.19	7.6
7.1925	11.9
7.195	27.9
7.1975	24.6
7.2	18.5
7.2025	20.0
7.205	11.0
7.2075	0.8
7.21	-2.6
7.2125	-4.0
7.215	-9.9
7.2175	-8.2
7.22	-7.9
7.2225	-6.2
7.225	-7.5
7.2275	-4.5
7.23	7.5
7.2325	-3.9
7.235	-11.4
7.2375	-15.6
7.24	-14.3
7.2425	-3.8
7.245	-11.3
7.2475	-18.8
7.25	-20.2
7.2525	-25.3
7.255	-24.6
7.2575	-26.4
7.26	-31.2
7.2625	-23.9
7.265	-21.1
7.2675	-24.5
7.27	-24.0
7.2725	-21.6
7.275	-3.8
7.2775	8.3
7.28	8.3
7.2825	6.5
7.285	10.3
7.2875	10.5
7.29	-2.9
7.2925	-5.5
7.295	-3.2
7.2975	-4.6
7.3	-6.5
7.3025	-15.7
7.305	-20.6
7.3075	-25.6
7.31	-24.0
7.3125	-21.4
7.315	-21.3
7.3175	-15.3
7.32	-18.4
7.3225	-15.0
7.325	-13.1
7.3275	-21.6
7.33	-20.1
7.3325	-15.4
7.335	-21.5
7.3375	-19.3
7.34	-19.5
7.3425	-24.6
7.345	-16.2
7.3475	-7.6
7.35	-11.2
7.3525	-9.6
7.355	-0.7
7.3575	-1.6
7.36	8.1
7.3625	16.0
7.365	9.9
7.3675	8.7
7.37	5.1
7.3725	7.8
7.375	9.6
7.3775	-1.5
7.38	0.4
7.3825	-0.2
7.385	-7.3
7.3875	-5.4
7.39	-13.5
7.3925	-21.1
7.395	-18.0
7.3975	-22.7
7.4	-26.6
7.4025	-24.0
7.405	-23.9
7.4075	-34.3
7.41	-35.1
7.4125	-26.5
7.415	-32.5
7.4175	-33.1
7.42	-35.5
7.4225	-39.7
7.425	-36.0
7.4275	-34.3
7.43	-28.8
7.4325	-23.9
7.435	-26.5
7.4375	-23.1
7.44	-26.1
7.4425	-21.7
7.445	-4.0
7.4475	-2.7
7.45	-2.4
7.4525	-0.6
7.455	0.6
7.4575	4.1
7.46	12.0
7.4625	2.1
7.465	-9.7
7.4675	-12.7
7.47	-8.5
7.4725	-8.8
7.475	-22.4
7.4775	-27.0
7.48	-29.9
7.4825	-35.5
7.485	-43.6
7.4875	-46.5
7.49	-57.0
7.4925	-59.5
7.495	-44.8
7.4975	-43.8
7.5	-46.3
7.5025	-44.0
7.505	-32.1
7.5075	-26.3
7.51	-31.9
7.5125	-33.1
7.515	-30.9
7.5175	-29.1
7.52	-35.4
7.5225	-26.1
7.525	-20.7
7.5275	-20.0
7.53	-17.2
7.5325	-19.0
7.535	-9.8
7.5375	-0.9
7.54	6.4
7.5425	23.1
7.545	1.1
7.5475	-30.9
7.55	-36.8
7.5525	-52.0
7.555	-36.7
7.5575	-36.0
7.56	-48.1
7.5625	-46.8
7.565	-59.3
7.5675	-56.5
7.57	-56.6
7.5725	-64.9
7.575	-70.6
7.5775	-78.0
7.58	-82.4
7.5825	-82.6
7.585	-76.7
7.5875	-76.5
7.59	-83.9
7.5925	-83.6
7.595	-78.8
7.5975	-79.3
7.6	-71.8
7.6025	-60.8
7.605	-49.8
7.6075	-41.5
7.61	-35.9
7.6125	-24.0
7.615	-18.0
7.6175	-16.1
7.62	-14.6
7.6225	-10.2
7.625	-3.5
7.6275	-1.8
7.63	-6.4
7.6325	-12.2
7.635	-13.1
7.6375	-14.0
7.64	-19.7
7.6425	-17.5
7.645	-8.3
7.6475	-19.4
7.65	-23.7
7.6525	-31.1
7.655	-35.1
7.6575	-30.3
7.66	-32.3
7.6625	-41.2
7.665	-46.8
7.6675	-47.5
7.67	-58.9
7.6725	-57.5
7.675	-59.0
7.6775	-61.1
7.68	-48.1
7.6825	-45.0
7.685	-47.7
7.6875	-37.5
7.69	-26.4
7.6925	-25.3
7.695	-23.7
7.6975	-30.7
7.7	-25.9
7.7025	-12.2
7.705	-13.8
7.7075	-8.4
7.71	-8.2
7.7125	-17.5
7.715	-9.5
7.7175	-1.6
7.72	-8.7
7.7225	-17.1
7.725	-24.9
7.7275	-34.4
7.73	-27.4
7.7325	-9.0
7.735	-20.3
7.7375	-38.4
7.74	-36.3
7.7425	-35.3
7.745	-34.9
7.7475	-43.3
7.75	-50.9
7.7525	-30.4
7.755	-32.3
7.7575	-43.9
7.76	-41.9
7.7625	-54.2
7.765	-57.7
7.7675	-50.0
7.77	-59.4
7.7725	-63.8
7.775	-63.0
7.7775	-60.2
7.78	-52.2
7.7825	-49.5
7.785	-43.2
7.7875	-38.8
7.79	-38.7
7.7925	-53.6
7.795	-50.1
7.7975	-32.3
7.8	-29.9
7.8025	-26.9
7.805	-26.6
7.8075	-22.1
7.81	-19.5
7.8125	-21.2
7.815	-20.5
7.8175	-20.1
7.82	-27.9
7.8225	-36.0
7.825	-43.2
7.8275	-48.4
7.83	-42.6
7.8325	-26.8
7.835	-44.8
7.8375	-67.3
7.84	-46.5
7.8425	-52.7
7.845	-53.4
7.8475	-56.2
7.85	-60.3
7.8525	-50.9
7.855	-61.1
7.8575	-59.2
7.86	-62.7
7.8625	-59.2
7.865	-64.2
7.8675	-65.4
7.87	-62.1
7.8725	-75.7
7.875	-68.7
7.8775	-60.8
7.88	-73.4
7.8825	-77.1
7.885	-59.6
7.8875	-50.0
7.89	-58.1
7.8925	-51.7
7.895	-35.4
7.8975	-33.6
7.9	-33.4
7.9025	-29.5
7.905	-31.3
7.9075	-42.8
7.91	-37.7
7.9125	-35.4
7.915	-35.7
7.9175	-37.5
7.92	-40.1
7.9225	-17.2
7.925	-22.5
7.9275	-32.8
7.93	-42.7
7.9325	-51.5
7.935	-40.1
7.9375	-45.8
7.94	-48.4
7.9425	-42.8
7.945	-42.2
7.9475	-42.5
7.95	-47.9
7.9525	-53.9
7.955	-49.1
7.9575	-57.5
7.96	-64.0
7.9625	-70.1
7.965	-84.5
7.9675	-78.6
7.97	-68.8
7.9725	-63.5
7.975	-52.6
7.9775	-50.6
7.98	-51.5
7.9825	-53.6
7.985	-34.0
7.9875	-16.8
7.99	-13.6
7.9925	-0.9
7.995	-6.8
7.9975	-2.9
8	-1.7
8.0025	-12.1
8.005	-8.5
8.0075	-2.1
8.01	-6.3
8.0125	-10.1
8.015	-9.3
8.0175	-19.0
8.02	-17.7
8.0225	-21.8
8.025	-54.7
8.0275	-52.8
8.03	-44.2
8.0325	-48.4
8.035	-36.8
8.0375	-38.2
8.04	-40.2
8.0425	-41.4
8.045	-44.4
8.0475	-39.3
8.05	-49.0
8.0525	-58.8
8.055	-61.7
8.0575	-57.3
8.06	-63.3
8.0625	-60.4
8.065	-47.7
8.0675	-61.5
8.07	-60.4
8.0725	-54.8
8.075	-35.8
8.0775	-33.5
8.08	-50.2
8.0825	-35.7
8.085	-30.4
8.0875	-29.5
8.09	-16.2
8.0925	1.6
8.095	8.2
8.0975	10.6
8.1	6.6
8.1025	9.6
8.105	6.3
8.1075	-4.9
8.11	-0.8
8.1125	-9.2
8.115	-22.4
8.1175	-20.3
8.12	-17.3
8.1225	-16.5
8.125	-24.5
8.1275	-30.0
8.13	-33.2
8.1325	-45.4
8.135	-45.4
8.1375	-40.5
8.14	-48.5
8.1425	-50.5
8.145	-44.6
8.1475	-44.2
8.15	-34.7
8.1525	-36.3
8.155	-44.4
8.1575	-41.5
8.16	-39.5
8.1625	-28.7
8.165	-36.7
8.1675	-32.8
8.17	-13.3
8.1725	-21.5
8.175	-12.8
8.1775	-11.9
8.18	-19.3
8.1825	-13.5
8.185	-8.8
8.1875	-2.3
8.19	-6.6
8.1925	-10.4
8.195	-11.1
8.1975	-7.5
8.2	-3.8
8.2025	-6.4
8.205	-14.1
8.2075	-11.4
8.21	1.0
8.2125	-12.1
8.215	-21.4
8.2175	-20.9
8.22	-31.9
8.2225	-37.4
8.225	-25.8
8.2275	-31.7
8.23	-35.8
8.2325	-26.7
8.235	-33.1
8.2375	-31.2
8.24	-30.6
8.2425	-30.6
8.245	-25.7
8.2475	-34.2
8.25	-39.6
8.2525	-45.0
8.255	-43.7
8.2575	-42.3
8.26	-48.7
8.2625	-41.2
8.265	-36.0
8.2675	-28.0
8.27	-20.0
8.2725	-26.9
8.275	-15.3
8.2775	-3.5
8.28	0.6
8.2825	3.5
8.285	-1.3
8.2875	-0.1
8.29	-1.3
8.2925	4.6
8.295	-4.8
8.2975	-15.8
8.3	-6.8
8.3025	-15.7
8.305	-14.3
8.3075	-11.8
8.31	-14.1
8.3125	-13.3
8.315	-16.6
8.3175	-21.5
8.32	-35.6
8.3225	-25.8
8.325	-22.6
8.3275	-31.8
8.33	-29.1
8.3325	-28.7
8.335	-32.3
8.3375	-33.5
8.34	-33.9
8.3425	-37.8
8.345	-34.5
8.3475	-17.8
8.35	-10.8
8.3525	-16.1
8.355	-12.1
8.3575	-4.2
8.36	-9.4
8.3625	-8.3
8.365	0.0
8.3675	-2.1
8.37	14.5
8.3725	4.0
8.375	-2.0
8.3775	5.4
8.38	-0.4
8.3825	-3.3
8.385	-10.2
8.3875	-5.0
8.39	-16.5
8.3925	1.1
8.395	5.0
8.3975	-13.2
8.4	-13.1
8.4025	-25.3
8.405	-17.3
8.4075	-18.5
8.41	-37.1
8.4125	-42.0
8.415	-38.5
8.4175	-28.4
8.42	-26.6
8.4225	-31.9
8.425	-30.1
8.4275	-22.3
8.43	-27.0
8.4325	-20.3
8.435	-3.2
8.4375	-26.1
8.44	-31.7
8.4425	-5.2
8.445	-6.1
8.4475	-9.0
8.45	7.5
8.4525	3.4
8.455	-1.1
8.4575	16.6
8.46	8.6
8.4625	2.9
8.465	11.2
8.4675	2.9
8.47	0.8
8.4725	9.0
8.475	8.3
8.4775	10.9
8.48	16.3
8.4825	15.7
8.485	7.4
8.4875	-3.5
8.49	-6.7
8.4925	-4.0
8.495	-6.2
8.4975	-1.3
8.5	4.1
8.5025	6.9
8.505	1.4
8.5075	1.4
8.51	0.4
8.5125	-6.3
8.515	-7.5
8.5175	-15.0
8.52	-15.1
8.5225	-21.3
8.525	-29.2
8.5275	-15.6
8.53	-20.7
8.5325	-27.1
8.535	-8.1
8.5375	-6.5
8.54	-13.4
8.5425	-9.6
8.545	-11.9
8.5475	-1.4
8.55	0.7
8.5525	-2.8
8.555	5.7
8.5575	-5.8
8.56	-0.0
8.5625	10.2
8.565	5.1
8.5675	11.4
8.57	10.8
8.5725	-3.4
8.575	-0.6
8.5775	0.4
8.58	-2.9
8.5825	-0.6
8.585	7.6
8.5875	4.4
8.59	-0.4
8.5925	1.9
8.595	1.1
8.5975	5.1
8.6	0.2
8.6025	3.3
8.605	-15.5
8.6075	-13.7
8.61	16.3
8.6125	7.7
8.615	0.8
8.6175	-0.7
8.62	-10.8
8.6225	-8.5
8.625	-4.3
8.6275	-2.6
8.63	2.2
8.6325	-7.3
8.635	-8.4
8.6375	-4.2
8.64	-5.3
8.6425	-4.7
8.645	-8.6
8.6475	-14.2
8.65	-9.4
8.6525	6.1
8.655	-4.4
8.6575	2.2
8.66	7.5
8.6625	-8.4
8.665	-6.6
8.6675	1.1
8.67	5.9
8.6725	16.6
8.675	21.7
8.6775	1.3
8.68	16.2
8.6825	19.5
8.685	6.7
8.6875	16.1
8.69	-2.0
8.6925	-6.3
8.695	12.9
8.6975	12.5
8.7	4.5
8.7025	-2.1
8.705	-8.7
8.7075	-4.2
8.71	-1.0
8.7125	-15.2
8.715	-22.9
8.7175	-4.8
8.72	-18.3
8.7225	-46.0
8.725	-9.8
8.7275	11.5
8.73	-5.8
8.7325	-2.8
8.735	-36.8
8.7375	-33.1
8.74	7.2
8.7425	2.2
8.745	9.0
8.7475	16.6
8.75	31.2
8.7525	12.1
8.755	-10.2
8.7575	0.1
8.76	-5.8
8.7625	15.5
8.765	36.7
8.7675	14.3
8.77	8.0
8.7725	21.4
8.775	39.9
8.7775	28.6
8.78	19.6
8.7825	20.9
8.785	24.8
8.7875	26.6
8.79	15.3
8.7925	15.0
8.795	4.3
8.7975	5.0
8.8	-0.2
8.8025	0.9
8.805	7.1
8.8075	-2.7
8.81	1.1
8.8125	-6.8
8.815	-11.9
8.8175	-10.3
8.82	-12.2
8.8225	-1.0
8.825	-11.5
8.8275	-21.0
8.83	-14.7
8.8325	-12.0
8.835	6.3
8.8375	14.8
8.84	9.8
8.8425	8.0
8.845	9.9
8.8475	14.9
8.85	25.7
8.8525	34.0
8.855	35.4
8.8575	22.6
8.86	18.8
8.8625	29.3
8.865	24.3
8.8675	25.0
8.87	29.0
8.8725	19.8
8.875	9.6
8.8775	8.9
8.88	9.8
8.8825	8.2
8.885	-0.8
8.8875	-15.0
8.89	-12.8
8.8925	-8.6
8.895	-7.7
8.8975	-7.9
8.9	-7.6
8.9025	-8.2
8.905	-10.5
8.9075	-11.7
8.91	-24.5
8.9125	-12.7
8.915	-11.9
8.9175	-30.2
8.92	-21.2
8.9225	-15.6
8.925	-14.4
8.9275	-7.7
8.93	-4.4
8.9325	5.4
8.935	17.9
8.9375	28.9
8.94	32.2
8.9425	32.8
8.945	32.5
8.9475	30.1
8.95	39.6
8.9525	34.3
8.955	36.0
8.9575	39.8
8.96	27.1
8.9625	26.7
8.965	26.3
8.9675	24.1
8.97	14.8
8.9725	15.4
8.975	11.5
8.9775	-16.7
8.98	0.6
8.9825	21.0
8.985	-9.6
8.9875	-18.1
8.99	-3.2
8.9925	-14.1
8.995	-18.4
8.9975	-15.1
9	-32.3
9.0025	-43.3
9.005	-23.4
9.0075	-16.6
9.01	-25.9
9.0125	-17.0
9.015	-6.2
9.0175	-0.8
9.02	-2.4
9.0225	5.1
9.025	14.1
9.0275	29.9
9.03	23.9
9.0325	19.8
9.035	35.7
9.0375	37.0
9.04	30.9
9.0425	19.0
9.045	32.2
9.0475	58.8
9.05	57.9
9.0525	47.5
9.055	41.3
9.0575	27.0
9.06	12.9
9.0625	11.5
9.065	19.7
9.0675	5.0
9.07	-2.4
9.0725	-2.2
9.075	-2.3
9.0775	14.1
9.08	0.7
9.0825	4.4
9.085	-2.9
9.0875	-5.3
9.09	0.9
9.0925	-9.9
9.095	-9.9
9.0975	-18.7
9.1	-9.8
9.1025	-11.7
9.105	-10.8
9.1075	-5.8
9.11	-5.0
9.1125	14.0
9.115	23.2
9.1175	17.0
9.12	25.0
9.1225	35.4
9.125	37.0
9.1275	21.1
9.13	23.7
9.1325	36.3
9.135	23.8
9.1375	42.8
9.14	39.9
9.1425	40.5
9.145	48.1
9.1475	27.7
9.15	30.9
9.1525	37.4
9.155	34.0
9.1575	27.2
9.16	30.2
9.1625	27.4
9.165	9.7
9.1675	10.6
9.17	15.2
9.1725	11.1
9.175	4.6
9.1775	1.3
9.18	-6.4
9.1825	-16.1
9.185	-8.0
9.1875	-4.2
9.19	-0.8
9.1925	0.8
9.195	6.1
9.1975	-2.7
9.2	4.9
9.2025	26.7
9.205	16.5
9.2075	14.8
9.21	27.5
9.2125	33.8
9.215	30.2
9.2175	25.3
9.22	30.8
9.2225	40.0
9.225	48.6
9.2275	60.7
9.23	47.4
9.2325	40.9
9.235	47.3
9.2375	34.9
9.24	40.3
9.2425	40.6
9.245	31.0
9.2475	34.7
9.25	21.2
9.2525	15.2
9.255	13.3
9.2575	4.7
9.26	12.2
9.2625	3.8
9.265	3.3
9.2675	3.3
9.27	-12.5
9.2725	-8.3
9.275	-21.0
9.2775	-18.6
9.28	10.7
9.2825	2.2
9.285	5.1
9.2875	8.1
9.29	-6.6
9.2925	5.3
9.295	11.8
9.2975	9.3
9.3	24.4
9.3025	19.2
9.305	7.3
9.3075	31.0
9.31	25.0
9.3125	29.2
9.315	42.0
9.3175	41.9
9.32	43.8
9.3225	29.0
9.325	23.9
9.3275	25.7
9.33	22.5
9.3325	17.2
9.335	17.8
9.3375	15.0
9.34	15.2
9.3425	11.4
9.345	-2.2
9.3475	-3.5
9.35	-13.6
9.3525	-10.5
9.355	3.9
9.3575	-6.2
9.36	-5.5
9.3625	-8.3
9.365	-19.2
9.3675	-10.8
9.37	-3.4
9.3725	-6.0
9.375	-4.8
9.3775	-2.1
9.38	-3.5
9.3825	-2.7
9.385	7.5
9.3875	40.5
9.39	42.9
9.3925	31.5
9.395	32.6
9.3975	12.4
9.4	25.3
9.4025	43.6
9.405	35.1
9.4075	31.7
9.41	30.5
9.4125	30.7
9.415	28.7
9.4175	33.9
9.42	35.9
9.4225	22.0
9.425	23.5
9.4275	23.6
9.43	23.4
9.4325	29.5
9.435	17.0
9.4375	6.2
9.44	10.9
9.4425	4.8
9.445	-1.8
9.4475	1.3
9.45	-2.6
9.4525	-6.2
9.455	3.8
9.4575	-3.8
9.46	-8.3
9.4625	10.3
9.465	0.3
9.4675	-4.3
9.47	5.6
9.4725	6.5
9.475	11.2
9.4775	5.2
9.48	13.3
9.4825	23.0
9.485	14.4
9.4875	11.8
9.49	21.2
9.4925	33.5
9.495	34.2
9.4975	31.9
9.5	20.7
9.5025	24.8
9.505	28.1
9.5075	26.6
9.51	25.7
9.5125	20.7
9.515	35.2
9.5175	31.1
9.52	26.6
9.5225	35.3
9.525	18.9
9.5275	16.8
9.53	14.4
9.5325	4.6
9.535	9.0
9.5375	-6.4
9.54	-4.7
9.5425	6.8
9.545	-1.6
9.5475	-5.8
9.55	-6.9
9.5525	-6.8
9.555	2.6
9.5575	11.5
9.56	5.8
9.5625	7.9
9.565	16.6
9.5675	16.0
9.57	21.1
9.5725	14.6
9.575	10.3
9.5775	28.8
9.58	31.7
9.5825	28.2
9.585	29.2
9.5875	24.0
9.59	18.9
9.5925	33.1
9.595	38.6
9.5975	29.2
9.6	28.6
9.6025	24.3
9.605	16.2
9.6075	14.8
9.61	18.5
9.6125	13.2
9.615	12.6
9.6175	13.9
9.62	10.1
9.6225	15.1
9.625	12.7
9.6275	17.4
9.63	16.7
9.6325	-8.1
9.635	-0.6
9.6375	12.4
9.64	1.3
9.6425	2.7
9.645	7.1
9.6475	6.0
9.65	10.0
9.6525	14.9
9.655	25.0
9.6575	13.6
9.66	4.1
9.6625	22.3
9.665	29.1
9.6675	19.3
9.67	23.9
9.6725	15.7
9.675	27.8
9.6775	47.7
9.68	32.6
9.6825	32.1
9.685	30.2
9.6875	25.7
9.69	34.6
9.6925	34.0
9.695	14.6
9.6975	20.7
9.7	32.5
9.7025	21.7
9.705	13.0
9.7075	16.4
9.71	36.0
9.7125	30.0
9.715	15.9
9.7175	-5.8
9.72	-16.0
9.7225	6.2
9.725	-1.7
9.7275	-4.1
9.73	-13.1
9.7325	-24.0
9.735	-0.8
9.7375	9.2
9.74	8.4
9.7425	10.7
9.745	10.9
9.7475	7.6
9.75	14.1
9.7525	19.2
9.755	15.4
9.7575	15.1
9.76	24.9
9.7625	31.3
9.765	32.7
9.7675	39.0
9.77	25.8
9.7725	12.5
9.775	23.3
9.7775	19.5
9.78	16.3
9.7825	17.9
9.785	26.3
9.7875	15.2
9.79	-9.0
9.7925	3.2
9.795	5.6
9.7975	8.0
9.8	9.3
9.8025	-0.2
9.805	6.4
9.8075	5.0
9.81	5.0
9.8125	4.5
9.815	-1.3
9.8175	0.4
9.82	-12.1
9.8225	-1.0
9.825	10.0
9.8275	-6.4
9.83	12.2
9.8325	17.3
9.835	14.3
9.8375	26.6
9.84	28.3
9.8425	18.5
9.845	21.9
9.8475	29.3
9.85	26.7
9.8525	38.3
9.855	29.7
9.8575	18.1
9.86	32.3
9.8625	32.8
9.865	24.4
9.8675	15.6
9.87	20.7
9.8725	20.7
9.875	14.6
9.8775	13.9
9.88	3.3
9.8825	12.5
9.885	5.0
9.8875	-4.2
9.89	9.2
9.8925	9.4
9.895	-2.0
9.8975	-4.4
9.9	-3.5
9.9025	-22.4
9.905	-20.6
9.9075	-13.0
9.91	-18.7
9.9125	-18.5
9.915	-24.4
9.9175	-4.8
9.92	0.4
9.9225	2.3
9.925	14.6
9.9275	5.5
9.93	23.5
9.9325	17.7
9.935	13.7
9.9375	46.4
9.94	49.2
9.9425	51.8
9.945	53.8
9.9475	45.0
9.95	45.1
9.9525	40.9
9.955	41.5
9.9575	34.1
9.96	30.7
9.9625	42.1
9.965	44.7
9.9675	31.1
9.97	28.9
9.9725	40.7
9.975	24.8
9.9775	3.1
9.98	6.5
9.9825	9.4
9.985	6.4
9.9875	-0.9
9.99	9.7
9.9925	15.8
9.995	-5.0
9.9975	-19.5
10	-15.1
10.0025	-12.1
10.005	-5.0
10.0075	2.3
10.01	-1.5
10.0125	-2.9
10.015	-7.3
10.0175	8.6
10.02	18.2
10.0225	20.3
10.025	34.0
10.0275	35.7
10.03	31.2
10.0325	28.3
10.035	23.8
10.0375	29.7
10.04	38.4
10.0425	37.9
10.045	39.9
10.0475	41.9
10.05	33.5
10.0525	25.3
10.055	27.7
10.0575	20.0
10.06	36.3
10.0625	33.3
10.065	25.4
10.0675	32.6
10.07	5.1
10.0725	10.1
10.075	11.3
10.0775	-0.4
10.08	-0.4
10.0825	-6.6
10.085	-9.4
10.0875	-14.7
10.09	-8.9
10.0925	2.6
10.095	-6.9
10.0975	-8.9
10.1	-0.2
10.1025	7.6
10.105	19.4
10.1075	10.7
10.11	7.7
10.1125	25.2
10.115	21.1
10.1175	20.3
10.12	38.3
10.1225	42.9
10.125	48.2
10.1275	34.0
10.13	22.7
10.1325	50.5
10.135	44.9
10.1375	32.7
10.14	33.8
10.1425	30.7
10.145	29.4
10.1475	31.6
10.15	37.3
10.1525	24.4
10.155	24.1
10.1575	24.3
10.16	12.6
10.1625	8.1
10.165	8.5
10.1675	9.9
10.17	-3.5
10.1725	15.1
10.175	22.5
10.1775	-4.0
10.18	1.6
10.1825	-7.1
10.185	-18.0
10.1875	-15.2
10.19	-16.3
10.1925	-20.8
10.195	-23.4
10.1975	-9.4
10.2	-5.3
10.2025	4.3
10.205	11.6
10.2075	11.4
10.21	23.0
10.2125	23.6
10.215	31.8
10.2175	40.4
10.22	30.7
10.2225	21.1
10.225	35.4
10.2275	47.3
10.23	25.9
10.2325	34.4
10.235	34.9
10.2375	15.0
10.24	21.9
10.2425	13.4
10.245	7.6
10.2475	16.1
10.25	3.0
10.2525	-6.6
10.255	-11.1
10.2575	-21.9
10.26	-14.5
10.2625	-26.2
10.265	-38.0
10.2675	-33.8
10.27	-35.9
10.2725	-35.6
10.275	-31.8
10.2775	-40.4
10.28	-59.0
10.2825	-49.0
10.285	-31.8
10.2875	-37.1
10.29	-30.4
10.2925	-11.4
10.295	-4.7
10.2975	-7.8
10.3	-4.2
10.3025	5.8
10.305	8.2
10.3075	17.5
10.31	21.9
10.3125	27.5
10.315	30.7
10.3175	28.5
10.32	28.9
10.3225	24.5
10.325	21.7
10.3275	24.4
10.33	20.4
10.3325	13.8
10.335	11.4
10.3375	7.6
10.34	1.8
10.3425	1.8
10.345	5.8
10.3475	-2.9
10.35	-10.5
10.3525	-20.6
10.355	-24.3
10.3575	-31.2
10.36	-22.9
10.3625	-17.5
10.365	-25.6
10.3675	-21.4
10.37	-27.7
10.3725	-19.0
10.375	-18.2
10.3775	-13.9
10.38	-13.4
10.3825	-13.4
10.385	-9.6
10.3875	-3.4
10.39	7.4
10.3925	8.9
10.395	4.5
10.3975	8.0
10.4	9.9
10.4025	7.9
10.405	14.0
10.4075	11.9
10.41	13.8
10.4125	17.9
10.415	11.7
10.4175	5.5
10.42	13.4
10.4225	19.1
10.425	13.7
10.4275	12.6
10.43	16.5
10.4325	-1.6
10.435	-16.4
10.4375	3.4
10.44	3.2
10.4425	-7.0
10.445	-3.7
10.4475	-5.9
10.45	-3.2
10.4525	-7.9
10.455	-6.4
10.4575	-5.4
10.46	-16.0
10.4625	-14.4
10.465	-16.3
10.4675	-13.4
10.47	-14.5
10.4725	-19.0
10.475	-8.6
10.4775	-7.6
10.48	-3.5
10.4825	5.8
10.485	13.9
10.4875	13.2
10.49	10.8
10.4925	7.9
10.495	14.8
10.4975	21.1
10.5	19.8
10.5025	18.3
10.505	13.7
10.5075	14.2
10.51	25.1
10.5125	32.3
10.515	24.7
10.5175	20.1
10.52	12.1
10.5225	-2.1
10.525	-7.1
10.5275	1.6
10.53	11.5
10.5325	6.8
10.535	7.4
10.5375	7.9
10.54	-7.1
10.5425	-6.3
10.545	-12.8
10.5475	-19.8
10.55	-16.6
10.5525	-19.6
10.555	-24.1
10.5575	-31.6
10.56	-10.2
10.5625	4.6
10.565	7.1
10.5675	8.8
10.57	16.3
10.5725	23.1
10.575	16.5
10.5775	26.2
10.58	30.7
10.5825	28.6
10.585	37.1
10.5875	44.3
10.59	34.8
10.5925	29.5
10.595	32.9
10.5975	31.7
10.6	32.6
10.6025	37.9
10.605	29.8
10.6075	27.2
10.61	19.5
10.6125	15.0
10.615	13.2
10.6175	20.2
10.62	14.5
10.6225	1.7
10.625	18.1
10.6275	5.0
10.63	7.4
10.6325	15.8
10.635	4.0
10.6375	5.0
10.64	-3.3
10.6425	-20.1
10.645	-16.9
10.6475	-7.3
10.65	-3.6
10.6525	-0.5
10.655	-6.2
10.6575	0.1
10.66	11.8
10.6625	4.2
10.665	-0.6
10.6675	24.5
10.67	38.2
10.6725	36.7
10.675	36.4
10.6775	34.3
10.68	34.5
10.6825	34.1
10.685	31.3
10.6875	27.1
10.69	19.0
10.6925	21.1
10.695	29.0
10.6975	14.4
10.7	13.4
10.7025	24.7
10.705	20.9
10.7075	6.1
10.71	0.2
10.7125	3.3
10.715	1.5
10.7175	-12.6
10.72	-14.2
10.7225	-7.6
10.725	-12.0
10.7275	-18.6
10.73	-29.9
10.7325	-12.4
10.735	6.6
10.7375	14.6
10.74	16.3
10.7425	-0.6
10.745	5.5
10.7475	-0.8
10.75	17.6
10.7525	49.6
10.755	36.1
10.7575	34.8
10.76	46.2
10.7625	46.6
10.765	34.2
10.7675	35.4
10.77	42.1
10.7725	37.3
10.775	38.8
10.7775	43.5
10.78	39.3
10.7825	21.5
10.785	17.2
10.7875	28.2
10.79	-2.7
10.7925	-6.8
10.795	18.1
10.7975	9.5
10.8	20.8
10.8025	27.9
10.805	18.4
10.8075	8.0
10.81	-6.7
10.8125	-13.2
10.815	-11.9
10.8175	-6.0
10.82	-8.4
10.8225	-10.8
10.825	-2.9
10.8275	-3.4
10.83	3.9
10.8325	13.2
10.835	8.5
10.8375	-6.6
10.84	11.4
10.8425	26.4
10.845	25.8
10.8475	44.2
10.85	38.6
10.8525	27.1
10.855	34.7
10.8575	27.7
10.86	35.5
10.8625	47.2
10.865	39.6
10.8675	41.6
10.87	35.2
10.8725	33.9
10.875	37.6
10.8775	28.7
10.88	20.8
10.8825	13.7
10.885	16.2
10.8875	19.0
10.89	7.6
10.8925	14.6
10.895	22.9
10.8975	13.1
10.9	-10.4
10.9025	-4.8
10.905	-1.1
10.9075	-15.4
10.91	-15.5
10.9125	-17.8
10.915	-11.3
10.9175	-0.5
10.92	-6.1
10.9225	-6.4
10.925	-9.4
10.9275	-24.5
10.93	-22.3
10.9325	-6.7
10.935	-5.7
10.9375	8.3
10.94	20.5
10.9425	9.7
10.945	24.8
10.9475	28.4
10.95	26.8
10.9525	31.2
10.955	33.2
10.9575	41.0
10.96	27.2
10.9625	18.6
10.965	21.7
10.9675	22.1
10.97	29.7
10.9725	37.0
10.975	27.5
10.9775	9.0
10.98	9.4
10.9825	8.9
10.985	1.9
10.9875	2.9
10.99	-6.0
10.9925	4.1
10.995	10.5
10.9975	-4.0
11	-11.0
11.0025	-9.2
11.005	-13.7
11.0075	-19.8
11.01	-23.4
11.0125	-19.1
11.015	-19.0
11.0175	-13.2
11.02	5.1
11.0225	-3.6
11.025	-10.6
11.0275	-5.4
11.03	3.7
11.0325	7.1
11.035	2.0
11.0375	2.0
11.04	-16.7
11.0425	-16.7
11.045	12.2
11.0475	23.0
11.05	26.1
11.0525	15.7
11.055	4.5
11.0575	4.1
11.06	2.5
11.0625	13.7
11.065	22.3
11.0675	15.8
11.07	11.5
11.0725	4.6
11.075	-3.5
11.0775	-12.3
11.08	-8.9
11.0825	-3.0
11.085	-17.8
11.0875	-22.8
11.09	-13.0
11.0925	-12.8
11.095	-19.2
11.0975	-23.1
11.1	-24.2
11.1025	-15.0
11.105	-9.6
11.1075	-25.7
11.11	-17.9
11.1125	0.3
11.115	-4.3
11.1175	-0.6
11.12	7.4
11.1225	10.8
11.125	3.0
11.1275	-15.0
11.13	-14.1
11.1325	-10.8
11.135	-9.7
11.1375	-13.0
11.14	-11.5
11.1425	4.2
11.145	-0.4
11.1475	-2.2
11.15	5.0
11.1525	9.1
11.155	10.3
11.1575	3.2
11.16	1.2
11.1625	2.7
11.165	-2.9
11.1675	-9.4
11.17	-17.3
11.1725	-21.2
11.175	-18.2
11.1775	-10.4
11.18	-4.5
11.1825	-12.5
11.185	-10.8
11.1875	1.0
11.19	-0.8
11.1925	3.7
11.195	6.3
11.1975	1.3
11.2	-2.8
11.2025	-0.2
11.205	-10.7
11.2075	-10.2
11.21	-9.2
11.2125	-6.4
11.215	10.3
11.2175	2.4
11.22	5.2
11.2225	1.2
11.225	3.8
11.2275	20.5
11.23	27.3
11.2325	22.3
11.235	19.2
11.2375	23.5
11.24	22.7
11.2425	16.1
11.245	11.1
11.2475	10.9
11.25	17.2
11.2525	10.3
11.255	3.7
11.2575	-3.2
11.26	-17.9
11.2625	2.8
11.265	7.5
11.2675	-4.5
11.27	-4.3
11.2725	-3.7
11.275	-7.8
11.2775	-9.3
11.28	-7.9
11.2825	-2.1
11.285	-0.4
11.2875	-2.2
11.29	0.1
11.2925	2.4
11.295	14.1
11.2975	12.6
11.3	12.1
11.3025	13.1
11.305	11.9
11.3075	9.0
11.31	-14.5
11.3125	-6.5
11.315	11.2
11.3175	-8.3
11.32	-0.9
11.3225	14.4
11.325	10.6
11.3275	17.4
11.33	12.0
11.3325	6.2
11.335	11.2
11.3375	10.9
11.34	10.8
11.3425	13.9
11.345	15.2
11.3475	13.0
11.35	10.5
11.3525	6.2
11.355	11.5
11.3575	17.4
11.36	3.9
11.3625	10.9
11.365	22.2
11.3675	16.1
11.37	14.9
11.3725	11.4
11.375	8.7
11.3775	10.7
11.38	11.6
11.3825	7.8
11.385	-3.6
11.3875	-9.3
11.39	-8.2
11.3925	-6.4
11.395	-12.8
11.3975	-22.4
11.4	-22.5
11.4025	-23.8
11.405	-27.2
11.4075	-14.4
11.41	1.1
11.4125	-0.5
11.415	10.0
11.4175	9.1
11.42	5.0
11.4225	15.0
11.425	18.9
11.4275	28.1
11.43	34.2
11.4325	32.3
11.435	24.5
11.4375	16.9
11.44	19.7
11.4425	26.3
11.445	25.2
11.4475	22.0
11.45	30.7
11.4525	32.0
11.455	24.2
11.4575	18.5
11.46	16.1
11.4625	11.3
11.465	26.1
11.4675	22.4
11.47	5.4
11.4725	15.2
11.475	3.0
11.4775	17.6
11.48	21.1
11.4825	-12.8
11.485	-11.6
11.4875	-11.1
11.49	-18.4
11.4925	-16.3
11.495	-14.2
11.4975	-15.3
11.5	-10.1
11.5025	-10.4
11.505	-11.3
11.5075	2.1
11.51	-2.3
11.5125	7.5
11.515	13.4
11.5175	4.8
